    time              LWP            IWP             Zi         c_base         c_frac         surf_prec      max w          max w_var      w_star         BIR            mean TKE       LWP_var         Zi_var          Zb_var          ustar           E
    0.0000000E+00  0.1567926E+03  0.0000000E+00  0.7924871E+03  0.4217383E+03  0.1000000E+01  0.0000000E+00  0.7752266E-03  0.7306248E-08  0.1474292E+00  0.3136821E-17  0.3168072E-04  0.1387779E-15  0.7958079E-12  0.2842171E-12  0.6500000E+00  0.2598390E+01
    0.3004954E+03  0.1567725E+03  0.0000000E+00  0.7924871E+03  0.4394836E+03  0.1000000E+01  0.0000000E+00  0.4649107E-02  0.1517078E-05  0.3420059E+00  0.2399901E-03  0.1098183E-02  0.2553786E-05  0.7958079E-12  0.5115908E-12  0.6500000E+00  0.2971826E-02
    0.6004378E+03  0.1591746E+03  0.0000000E+00  0.7874526E+03  0.4394836E+03  0.1000000E+01  0.2387731E-02  0.2708352E-02  0.6432195E-06  0.4215619E+00  0.7152626E-04  0.2471633E-02  0.3601969E-06  0.9094947E-12  0.5115908E-12  0.6500000E+00 -0.1382863E-01
    0.9001245E+03  0.1624214E+03  0.0000000E+00  0.7874526E+03  0.4394836E+03  0.1000000E+01  0.4751644E-02  0.4428226E-01  0.2360391E-04  0.8716335E+00  0.8964011E-19  0.5522182E-01  0.8782543E-05  0.9094947E-12  0.5115908E-12  0.6500000E+00  0.2952947E-02
    0.1200346E+04  0.1651509E+03  0.0000000E+00  0.7874526E+03  0.4394836E+03  0.1000000E+01  0.6911831E-02  0.4094981E-01  0.6582132E-04  0.7782905E+00  0.6800787E-19  0.3493468E+00  0.3159014E-04  0.9094947E-12  0.5115908E-12  0.6500000E+00  0.2952947E-02
    0.1501618E+04  0.1658286E+03  0.0000000E+00  0.7866702E+03  0.4394836E+03  0.1000000E+01  0.1672057E-01  0.8087252E+00  0.8421008E-01  0.9028001E+00  0.1400510E-19  0.5641925E+01  0.5254108E-02  0.2320238E+01  0.5115908E-12  0.6500000E+00  0.3422049E-03
    0.1800682E+04  0.1456494E+03  0.0000000E+00  0.7872875E+03  0.4404938E+03  0.1000000E+01  0.1084362E+00  0.1780431E+01  0.5703693E+00  0.9769343E+00  0.1078259E-19  0.1443751E+03  0.1515859E-01  0.6371977E+01  0.5679683E+01  0.6500000E+00  0.5009850E-02
    0.2100848E+04  0.1323931E+03  0.0000000E+00  0.7880005E+03  0.4311286E+03  0.1000000E+01  0.1625990E+00  0.2380922E+01  0.6389246E+00  0.9197527E+00  0.1000000E+01  0.3163881E+03  0.1904131E-01  0.9353275E+01  0.1059344E+02  0.6500000E+00  0.5331756E-02
    0.2400102E+04  0.1245057E+03  0.0000000E+00  0.7903995E+03  0.4468228E+03  0.1000000E+01  0.5552548E-01  0.2232810E+01  0.5311556E+00  0.7144923E+00  0.3195733E-19  0.4385767E+03  0.2380188E-01  0.9563463E+01  0.2220250E+02  0.6500000E+00  0.1096055E-01
    0.2700558E+04  0.1227136E+03  0.0000000E+00  0.7927942E+03  0.4585635E+03  0.1000000E+01  0.3012049E-01  0.2210456E+01  0.4135642E+00  0.5775595E+00  0.1202694E+00  0.4742976E+03  0.2181086E-01  0.8728076E+01  0.2387840E+02  0.6500000E+00  0.1095523E-01
    0.3001064E+04  0.1214054E+03  0.0000000E+00  0.7948805E+03  0.4675926E+03  0.1000000E+01  0.3343384E-01  0.2245293E+01  0.4047853E+00  0.5853154E+00  0.1445522E+00  0.4772840E+03  0.1972158E-01  0.7734708E+01  0.2359521E+02  0.6500000E+00  0.9935328E-02
    0.3300848E+04  0.1206719E+03  0.0000000E+00  0.7966239E+03  0.4718631E+03  0.1000000E+01  0.2335257E-01  0.2148540E+01  0.3948185E+00  0.6053744E+00  0.1146463E+00  0.5004550E+03  0.1760098E-01  0.7264617E+01  0.2246516E+02  0.6500000E+00  0.8798549E-02
    0.3600391E+04  0.1198710E+03  0.0000000E+00  0.7981565E+03  0.4750552E+03  0.1000000E+01  0.2196971E-01  0.2447179E+01  0.4034044E+00  0.6215028E+00  0.1241933E+00  0.5219902E+03  0.1641049E-01  0.7050918E+01  0.2243031E+02  0.6500000E+00  0.8101775E-02
    0.3900257E+04  0.1196786E+03  0.0000000E+00  0.7992521E+03  0.4773974E+03  0.1000000E+01  0.1262230E-01  0.2354947E+01  0.4284774E+00  0.6447441E+00  0.6598676E-01  0.5294612E+03  0.1630347E-01  0.6926468E+01  0.2129553E+02  0.6500000E+00  0.6649352E-02
    0.4200131E+04  0.1190992E+03  0.0000000E+00  0.8002475E+03  0.4793729E+03  0.1000000E+01  0.8114956E-02  0.2714875E+01  0.4106898E+00  0.6401323E+00  0.6793408E-01  0.5063199E+03  0.1525336E-01  0.6698029E+01  0.1954314E+02  0.6500000E+00  0.6318637E-02
    0.4501349E+04  0.1184740E+03  0.0000000E+00  0.8011683E+03  0.4807357E+03  0.1000000E+01  0.5433144E-02  0.2177080E+01  0.4060885E+00  0.6397927E+00  0.4344764E-01  0.4762039E+03  0.1516225E-01  0.6877833E+01  0.1879251E+02  0.6500000E+00  0.6073954E-02
    0.4800421E+04  0.1182732E+03  0.0000000E+00  0.8022971E+03  0.4816128E+03  0.1000000E+01  0.3885169E-02  0.2032864E+01  0.4037664E+00  0.6366409E+00  0.7658409E-01  0.4637670E+03  0.1452320E-01  0.6522477E+01  0.1829510E+02  0.6500000E+00  0.6771327E-02
    0.5101482E+04  0.1180526E+03  0.0000000E+00  0.8033119E+03  0.4836244E+03  0.1000000E+01  0.2770314E-02  0.2244446E+01  0.4366013E+00  0.6577714E+00  0.3353577E-01  0.4686740E+03  0.1493802E-01  0.6523119E+01  0.1761117E+02  0.6500000E+00  0.6395117E-02
    0.5401087E+04  0.1177671E+03  0.0000000E+00  0.8045423E+03  0.4857612E+03  0.1000000E+01  0.2115084E-02  0.2028161E+01  0.4043196E+00  0.6262359E+00  0.5310005E-01  0.4683896E+03  0.1451109E-01  0.6262276E+01  0.1696238E+02  0.6500000E+00  0.7118158E-02
    0.5700091E+04  0.1172912E+03  0.0000000E+00  0.8054778E+03  0.4867436E+03  0.1000000E+01  0.1575752E-02  0.2190125E+01  0.3633943E+00  0.6261449E+00  0.7311319E-01  0.4565637E+03  0.1410949E-01  0.6344766E+01  0.1600172E+02  0.6500000E+00  0.6138935E-02
    0.6000849E+04  0.1169469E+03  0.0000000E+00  0.8064783E+03  0.4876611E+03  0.1000000E+01  0.1167339E-02  0.2046928E+01  0.3701868E+00  0.6328512E+00  0.3405411E-01  0.4475257E+03  0.1371106E-01  0.6268800E+01  0.1519795E+02  0.6500000E+00  0.6359212E-02
    0.6301275E+04  0.1164978E+03  0.0000000E+00  0.8073169E+03  0.4897804E+03  0.1000000E+01  0.8084734E-03  0.1922937E+01  0.4027106E+00  0.6544909E+00  0.1794181E-01  0.4571226E+03  0.1402484E-01  0.6430399E+01  0.1511118E+02  0.6500000E+00  0.5823011E-02
    0.6600181E+04  0.1164215E+03  0.0000000E+00  0.8079224E+03  0.4912352E+03  0.1000000E+01  0.6655252E-03  0.1739097E+01  0.4150684E+00  0.6623721E+00  0.3506363E-19  0.4587587E+03  0.1312058E-01  0.6165977E+01  0.1567690E+02  0.6500000E+00  0.5047723E-02
    0.6900917E+04  0.1164972E+03  0.0000000E+00  0.8085900E+03  0.4921428E+03  0.1000000E+01  0.6453567E-03  0.1934037E+01  0.4103382E+00  0.6658089E+00  0.3428936E-19  0.4590626E+03  0.1332853E-01  0.6322389E+01  0.1464405E+02  0.6500000E+00  0.5257711E-02
    0.7200942E+04  0.1162263E+03  0.0000000E+00  0.8093053E+03  0.4931357E+03  0.1000000E+01  0.5700873E-03  0.2193334E+01  0.4031846E+00  0.6488302E+00  0.6216005E-16  0.4610497E+03  0.1295591E-01  0.6349069E+01  0.1395252E+02  0.6500000E+00  0.5419299E-02
    0.7500727E+04  0.1159993E+03  0.0000000E+00  0.8099563E+03  0.4938405E+03  0.1000000E+01  0.4800256E-03  0.2072154E+01  0.3830551E+00  0.6494910E+00  0.2300301E-15  0.4653622E+03  0.1314113E-01  0.6570398E+01  0.1360091E+02  0.6500000E+00  0.5207286E-02
    0.7801031E+04  0.1155578E+03  0.0000000E+00  0.8106492E+03  0.4957849E+03  0.1000000E+01  0.4899182E-03  0.2215231E+01  0.3752131E+00  0.6606903E+00  0.1000000E+01  0.4670110E+03  0.1336505E-01  0.6283652E+01  0.1386291E+02  0.6500000E+00  0.5349655E-02
    0.8101559E+04  0.1150034E+03  0.0000000E+00  0.8114155E+03  0.4976350E+03  0.1000000E+01  0.4725618E-03  0.1827347E+01  0.3781069E+00  0.6659992E+00  0.1869856E-15  0.4621074E+03  0.1263254E-01  0.6005280E+01  0.1406122E+02  0.6500000E+00  0.5597211E-02
    0.8400056E+04  0.1141481E+03  0.0000000E+00  0.8121420E+03  0.4986422E+03  0.1000000E+01  0.4892468E-03  0.1839345E+01  0.3842621E+00  0.6687065E+00  0.1104920E-15  0.4537101E+03  0.1236746E-01  0.5881170E+01  0.1340368E+02  0.6500000E+00  0.5466915E-02
    0.8700258E+04  0.1136945E+03  0.0000000E+00  0.8128004E+03  0.5000131E+03  0.1000000E+01  0.4505347E-03  0.1760925E+01  0.4065659E+00  0.6629939E+00  0.1416901E-14  0.4605291E+03  0.1238535E-01  0.6076997E+01  0.1268645E+02  0.6500000E+00  0.5242898E-02
    0.9000344E+04  0.1134523E+03  0.0000000E+00  0.8133871E+03  0.5018878E+03  0.1000000E+01  0.4115489E-03  0.2416040E+01  0.3938703E+00  0.6541710E+00  0.1000000E+01  0.4733281E+03  0.1225937E-01  0.6138619E+01  0.1291870E+02  0.6500000E+00  0.5005938E-02
    0.9301376E+04  0.1134064E+03  0.0000000E+00  0.8140171E+03  0.5023796E+03  0.1000000E+01  0.4087507E-03  0.2138161E+01  0.3932989E+00  0.6656090E+00  0.1000000E+01  0.4841062E+03  0.1221862E-01  0.5999645E+01  0.1228649E+02  0.6500000E+00  0.5152422E-02
    0.9600807E+04  0.1132594E+03  0.0000000E+00  0.8145810E+03  0.5034483E+03  0.1000000E+01  0.4044587E-03  0.2265448E+01  0.3935390E+00  0.6813744E+00  0.2666265E-15  0.4885011E+03  0.1229179E-01  0.6006366E+01  0.1257132E+02  0.6500000E+00  0.4934458E-02
    0.9900294E+04  0.1130801E+03  0.0000000E+00  0.8149255E+03  0.5040521E+03  0.1000000E+01  0.4034291E-03  0.2071694E+01  0.3926365E+00  0.6715532E+00  0.6364430E-15  0.4978019E+03  0.1223827E-01  0.6191427E+01  0.1250401E+02  0.6500000E+00  0.4204320E-02
    0.1020003E+05  0.1126719E+03  0.0000000E+00  0.8155261E+03  0.5054885E+03  0.1000000E+01  0.4166031E-03  0.2058416E+01  0.3889700E+00  0.6566786E+00  0.1158103E-15  0.5073549E+03  0.1212090E-01  0.6126271E+01  0.1252529E+02  0.6500000E+00  0.5059930E-02
    0.1050042E+05  0.1120836E+03  0.0000000E+00  0.8160757E+03  0.5070732E+03  0.1000000E+01  0.4180837E-03  0.1911864E+01  0.3788091E+00  0.6729798E+00  0.1000000E+01  0.5109064E+03  0.1237487E-01  0.6253592E+01  0.1219089E+02  0.6500000E+00  0.4892491E-02
    0.1080028E+05  0.1114553E+03  0.0000000E+00  0.8165983E+03  0.5089666E+03  0.1000000E+01  0.4033532E-03  0.1967794E+01  0.4244830E+00  0.6865567E+00  0.9137089E-16  0.5217992E+03  0.1268738E-01  0.6147026E+01  0.1348969E+02  0.6500000E+00  0.4804014E-02
    0.1110122E+05  0.1109800E+03  0.0000000E+00  0.8171520E+03  0.5098391E+03  0.1000000E+01  0.3698759E-03  0.2050207E+01  0.3921058E+00  0.6697147E+00  0.6055061E-16  0.5319244E+03  0.1179739E-01  0.5729803E+01  0.1289192E+02  0.6500000E+00  0.4910313E-02
    0.1140054E+05  0.1104266E+03  0.0000000E+00  0.8175328E+03  0.5113846E+03  0.1000000E+01  0.3498124E-03  0.2063751E+01  0.3915600E+00  0.6601187E+00  0.1000000E+01  0.5279414E+03  0.1122754E-01  0.5631510E+01  0.1166169E+02  0.6500000E+00  0.4334900E-02
    0.1170069E+05  0.1095738E+03  0.0000000E+00  0.8177593E+03  0.5120715E+03  0.1000000E+01  0.3518125E-03  0.2050653E+01  0.4108648E+00  0.6855724E+00  0.4213958E-14  0.5166649E+03  0.1156462E-01  0.5948506E+01  0.1057756E+02  0.6500000E+00  0.3821467E-02
    0.1200009E+05  0.1093751E+03  0.0000000E+00  0.8183808E+03  0.5138442E+03  0.1000000E+01  0.3308347E-03  0.1993310E+01  0.4123486E+00  0.6724874E+00  0.1000000E+01  0.5075743E+03  0.1141119E-01  0.5596506E+01  0.1093001E+02  0.6500000E+00  0.5140759E-02
    0.1230071E+05  0.1087748E+03  0.0000000E+00  0.8187622E+03  0.5149712E+03  0.1000000E+01  0.3127762E-03  0.2178524E+01  0.4461920E+00  0.6888107E+00  0.9923442E-16  0.4946827E+03  0.1152806E-01  0.5722192E+01  0.1156609E+02  0.6500000E+00  0.4341606E-02
    0.1260104E+05  0.1081905E+03  0.0000000E+00  0.8190546E+03  0.5158619E+03  0.1000000E+01  0.3144106E-03  0.2175484E+01  0.4213769E+00  0.6658359E+00  0.1000000E+01  0.4810837E+03  0.1168927E-01  0.5966087E+01  0.1144731E+02  0.6500000E+00  0.4046208E-02
    0.1290115E+05  0.1076456E+03  0.0000000E+00  0.8192273E+03  0.5160201E+03  0.1000000E+01  0.3012061E-03  0.1952388E+01  0.3662423E+00  0.6624447E+00  0.9741301E-16  0.4634334E+03  0.1185257E-01  0.6160008E+01  0.1042552E+02  0.6500000E+00  0.3647590E-02
    0.1320072E+05  0.1072986E+03  0.0000000E+00  0.8198697E+03  0.5173934E+03  0.1000000E+01  0.3066224E-03  0.1951941E+01  0.4054330E+00  0.6635136E+00  0.1541281E-15  0.4522978E+03  0.1123409E-01  0.5913299E+01  0.1170226E+02  0.6500000E+00  0.5216016E-02
    0.1350090E+05  0.1070482E+03  0.0000000E+00  0.8203682E+03  0.5184232E+03  0.1000000E+01  0.2980957E-03  0.1874113E+01  0.4035491E+00  0.6734201E+00  0.2074695E-15  0.4320437E+03  0.1087974E-01  0.5825676E+01  0.1103716E+02  0.6500000E+00  0.4737998E-02
    0.1380094E+05  0.1066470E+03  0.0000000E+00  0.8208214E+03  0.5192793E+03  0.1000000E+01  0.2841203E-03  0.1869511E+01  0.4124178E+00  0.7001545E+00  0.1036209E-14  0.4332958E+03  0.1093176E-01  0.5842427E+01  0.1144658E+02  0.6500000E+00  0.4588799E-02
    0.1410066E+05  0.1064302E+03  0.0000000E+00  0.8211681E+03  0.5201246E+03  0.1000000E+01  0.2863758E-03  0.1766461E+01  0.4196230E+00  0.7060362E+00  0.1000000E+01  0.4437765E+03  0.1085442E-01  0.5872449E+01  0.1042802E+02  0.6500000E+00  0.4234973E-02
    0.1470085E+05  0.1057867E+03  0.0000000E+00  0.8217512E+03  0.5217161E+03  0.1000000E+01  0.3079038E-03  0.1781016E+01  0.4096091E+00  0.6793008E+00  0.2967005E-15  0.4623382E+03  0.1096892E-01  0.5996240E+01  0.1036806E+02  0.6500000E+00  0.5025379E-02
    0.1500067E+05  0.1053522E+03  0.0000000E+00  0.8219964E+03  0.5235003E+03  0.1000000E+01  0.2862254E-03  0.1900459E+01  0.4059531E+00  0.6910083E+00  0.3378192E-15  0.4643575E+03  0.1112730E-01  0.6102395E+01  0.9928019E+01  0.6500000E+00  0.3899857E-02
    0.1530057E+05  0.1049499E+03  0.0000000E+00  0.8223841E+03  0.5249896E+03  0.1000000E+01  0.2888627E-03  0.2121064E+01  0.3967060E+00  0.6869143E+00  0.1000000E+01  0.4650437E+03  0.1084201E-01  0.6107557E+01  0.1017790E+02  0.6500000E+00  0.4376098E-02
    0.1560135E+05  0.1044320E+03  0.0000000E+00  0.8226389E+03  0.5257678E+03  0.1000000E+01  0.3058393E-03  0.1877837E+01  0.4203310E+00  0.6853610E+00  0.1000000E+01  0.4738568E+03  0.1088591E-01  0.6082787E+01  0.1073109E+02  0.6500000E+00  0.3934205E-02
    0.1590074E+05  0.1038336E+03  0.0000000E+00  0.8227272E+03  0.5266784E+03  0.1000000E+01  0.2873797E-03  0.2107780E+01  0.4265189E+00  0.7137473E+00  0.1000000E+01  0.4875306E+03  0.1047602E-01  0.6058690E+01  0.9728222E+01  0.6500000E+00  0.3379654E-02
    0.1620111E+05  0.1033150E+03  0.0000000E+00  0.8230165E+03  0.5276099E+03  0.1000000E+01  0.2873483E-03  0.1963196E+01  0.4564008E+00  0.7138157E+00  0.3270617E-15  0.4913442E+03  0.1068357E-01  0.6110647E+01  0.8740534E+01  0.6500000E+00  0.4050697E-02
    0.1650097E+05  0.1029019E+03  0.0000000E+00  0.8231573E+03  0.5280226E+03  0.1000000E+01  0.2891906E-03  0.1866815E+01  0.4030865E+00  0.6850642E+00  0.1000000E+01  0.4881104E+03  0.1070878E-01  0.6405601E+01  0.8398010E+01  0.6500000E+00  0.3556091E-02
    0.1680047E+05  0.1022253E+03  0.0000000E+00  0.8235543E+03  0.5291627E+03  0.1000000E+01  0.2738671E-03  0.1958690E+01  0.3993344E+00  0.6909811E+00  0.1000000E+01  0.4960279E+03  0.1097461E-01  0.6181644E+01  0.9462557E+01  0.6500000E+00  0.4411734E-02
    0.1710025E+05  0.1017355E+03  0.0000000E+00  0.8238034E+03  0.5300741E+03  0.1000000E+01  0.2570896E-03  0.1982436E+01  0.3706774E+00  0.6813082E+00  0.1000000E+01  0.4977815E+03  0.1096795E-01  0.6637756E+01  0.8917340E+01  0.6500000E+00  0.3919700E-02
    0.1740044E+05  0.1013260E+03  0.0000000E+00  0.8241594E+03  0.5309614E+03  0.1000000E+01  0.2605951E-03  0.2030892E+01  0.3955206E+00  0.6631090E+00  0.7659818E-16  0.4874490E+03  0.1117205E-01  0.6665054E+01  0.9236554E+01  0.6500000E+00  0.4277250E-02
    0.1770100E+05  0.1011499E+03  0.0000000E+00  0.8245740E+03  0.5315238E+03  0.1000000E+01  0.2585927E-03  0.1879872E+01  0.3764542E+00  0.6662758E+00  0.5027455E-15  0.4703779E+03  0.1120936E-01  0.6474614E+01  0.1047874E+02  0.6500000E+00  0.4473947E-02
    0.1800120E+05  0.1005553E+03  0.0000000E+00  0.8246184E+03  0.5319526E+03  0.1000000E+01  0.2741952E-03  0.1994241E+01  0.3950853E+00  0.6836892E+00  0.1000000E+01  0.4695647E+03  0.1095529E-01  0.6604615E+01  0.1016560E+02  0.6500000E+00  0.3240385E-02
    0.1830062E+05  0.1001017E+03  0.0000000E+00  0.8251757E+03  0.5330432E+03  0.1000000E+01  0.2867338E-03  0.1969720E+01  0.3871215E+00  0.6840655E+00  0.2497252E-15  0.4745667E+03  0.1125516E-01  0.6562748E+01  0.1063039E+02  0.6500000E+00  0.4952131E-02
    0.1860040E+05  0.9943163E+02  0.0000000E+00  0.8254696E+03  0.5338547E+03  0.1000000E+01  0.2690952E-03  0.1849710E+01  0.3678261E+00  0.6712506E+00  0.1108051E-15  0.4649376E+03  0.1162011E-01  0.6518674E+01  0.1075606E+02  0.6500000E+00  0.4075250E-02
    0.1890054E+05  0.9908760E+02  0.0000000E+00  0.8258264E+03  0.5352592E+03  0.1000000E+01  0.2752092E-03  0.2076870E+01  0.3427101E+00  0.6681127E+00  0.4477803E-15  0.4559396E+03  0.1174247E-01  0.6963453E+01  0.1166456E+02  0.6500000E+00  0.4286199E-02
    0.1920044E+05  0.9832683E+02  0.0000000E+00  0.8258019E+03  0.5362792E+03  0.9998915E+00  0.2827534E-03  0.1838753E+01  0.3742227E+00  0.7134583E+00  0.1000000E+01  0.4628969E+03  0.1274017E-01  0.1129864E+02  0.1337336E+02  0.6500000E+00  0.3014931E-02
    0.1950057E+05  0.9808044E+02  0.0000000E+00  0.8261796E+03  0.5376572E+03  0.1000000E+01  0.2949122E-03  0.1993014E+01  0.4057646E+00  0.7057950E+00  0.1354111E-15  0.4802872E+03  0.1298409E-01  0.8039026E+01  0.1342606E+02  0.6500000E+00  0.4357330E-02
    0.1980006E+05  0.9811144E+02  0.0000000E+00  0.8264499E+03  0.5386116E+03  0.1000000E+01  0.2872057E-03  0.1899048E+01  0.3814319E+00  0.6818258E+00  0.1000000E+01  0.4902900E+03  0.1260416E-01  0.7444914E+01  0.1298251E+02  0.6500000E+00  0.4000041E-02
    0.2010004E+05  0.9820311E+02  0.0000000E+00  0.8269290E+03  0.5389228E+03  0.1000000E+01  0.3026831E-03  0.2084932E+01  0.3582871E+00  0.7004631E+00  0.1000000E+01  0.4929389E+03  0.1225347E-01  0.7404491E+01  0.1211899E+02  0.6500000E+00  0.4697906E-02
    0.2040050E+05  0.9775571E+02  0.0000000E+00  0.8267252E+03  0.5396169E+03  0.9995660E+00  0.2929114E-03  0.2037152E+01  0.4025348E+00  0.7151291E+00  0.1000000E+01  0.5207036E+03  0.1300569E-01  0.1904133E+02  0.1696225E+02  0.6500000E+00  0.2420862E-02
    0.2070102E+05  0.9752120E+02  0.0000000E+00  0.8273019E+03  0.5405477E+03  0.1000000E+01  0.2918199E-03  0.1974518E+01  0.4099751E+00  0.6880456E+00  0.6588517E-16  0.5219912E+03  0.1254446E-01  0.7655167E+01  0.1188515E+02  0.6500000E+00  0.5024929E-02
    0.2100086E+05  0.9706417E+02  0.0000000E+00  0.8275725E+03  0.5419090E+03  0.1000000E+01  0.3051694E-03  0.2051574E+01  0.4173096E+00  0.6629507E+00  0.1000000E+01  0.5191005E+03  0.1208010E-01  0.7661313E+01  0.1066547E+02  0.6500000E+00  0.4005184E-02
    0.2130083E+05  0.9667062E+02  0.0000000E+00  0.8275255E+03  0.5422887E+03  0.1000000E+01  0.2669759E-03  0.1787131E+01  0.4133614E+00  0.6612062E+00  0.7591348E-16  0.5160861E+03  0.1112158E-01  0.7320026E+01  0.1057982E+02  0.6500000E+00  0.2946588E-02
    0.2160002E+05  0.9635195E+02  0.0000000E+00  0.8279632E+03  0.5427626E+03  0.1000000E+01  0.2509724E-03  0.1792376E+01  0.3902525E+00  0.6548907E+00  0.2586260E-13  0.5065052E+03  0.1097593E-01  0.6849184E+01  0.9000982E+01  0.6500000E+00  0.4563810E-02
    0.2190023E+05  0.9540842E+02  0.0000000E+00  0.8282136E+03  0.5440822E+03  0.1000000E+01  0.2409660E-03  0.1694578E+01  0.3991415E+00  0.6805665E+00  0.1610329E-15  0.5034575E+03  0.1100206E-01  0.7174144E+01  0.1033055E+02  0.6500000E+00  0.3940669E-02
    0.2220117E+05  0.9518637E+02  0.0000000E+00  0.8283689E+03  0.5449267E+03  0.1000000E+01  0.2343948E-03  0.1705274E+01  0.3800876E+00  0.6613474E+00  0.1000000E+01  0.4865270E+03  0.1077873E-01  0.6842101E+01  0.1030381E+02  0.6500000E+00  0.3623908E-02
    0.2250030E+05  0.9490073E+02  0.0000000E+00  0.8285486E+03  0.5458078E+03  0.1000000E+01  0.2412630E-03  0.1844905E+01  0.3835687E+00  0.6889021E+00  0.2436900E-14  0.4840454E+03  0.1127560E-01  0.7138401E+01  0.1088231E+02  0.6500000E+00  0.3706185E-02
    0.2310063E+05  0.9410046E+02  0.0000000E+00  0.8290636E+03  0.5468711E+03  0.1000000E+01  0.2326288E-03  0.2197376E+01  0.3998502E+00  0.7046322E+00  0.1000000E+01  0.4915244E+03  0.1157940E-01  0.7010451E+01  0.1058043E+02  0.6500000E+00  0.4825423E-02
    0.2340044E+05  0.9347657E+02  0.0000000E+00  0.8292374E+03  0.5474548E+03  0.1000000E+01  0.2596460E-03  0.1785469E+01  0.3922188E+00  0.6958734E+00  0.1482214E-15  0.4844264E+03  0.1149309E-01  0.7349448E+01  0.1093814E+02  0.6500000E+00  0.3688996E-02
    0.2370038E+05  0.9328051E+02  0.0000000E+00  0.8294862E+03  0.5479196E+03  0.1000000E+01  0.2804189E-03  0.1728983E+01  0.4071657E+00  0.6854183E+00  0.5470699E-16  0.4746037E+03  0.1183760E-01  0.7524385E+01  0.1028789E+02  0.6500000E+00  0.3939991E-02
    0.2400127E+05  0.9313691E+02  0.0000000E+00  0.8299579E+03  0.5487896E+03  0.1000000E+01  0.3014755E-03  0.1792651E+01  0.3862727E+00  0.6755595E+00  0.1094471E-15  0.4647938E+03  0.1169950E-01  0.6978801E+01  0.1149799E+02  0.6500000E+00  0.4684718E-02
    0.2430105E+05  0.9263181E+02  0.0000000E+00  0.8300500E+03  0.5496035E+03  0.1000000E+01  0.2710925E-03  0.1796404E+01  0.3933922E+00  0.6865993E+00  0.1000000E+01  0.4670286E+03  0.1096699E-01  0.6805377E+01  0.1058182E+02  0.6500000E+00  0.3419570E-02
    0.2460039E+05  0.9192337E+02  0.0000000E+00  0.8301465E+03  0.5499110E+03  0.1000000E+01  0.2528216E-03  0.1795921E+01  0.3784308E+00  0.6911714E+00  0.1000000E+01  0.4777321E+03  0.1084821E-01  0.6728490E+01  0.1016424E+02  0.6500000E+00  0.3434952E-02
    0.2490059E+05  0.9186280E+02  0.0000000E+00  0.8305843E+03  0.5507355E+03  0.1000000E+01  0.2553953E-03  0.2211213E+01  0.3666514E+00  0.6860457E+00  0.3058556E-15  0.4696336E+03  0.1076222E-01  0.6647686E+01  0.1066516E+02  0.6500000E+00  0.4574077E-02
    0.2520065E+05  0.9152097E+02  0.0000000E+00  0.8307797E+03  0.5508117E+03  0.1000000E+01  0.2318817E-03  0.1894063E+01  0.3724975E+00  0.6832174E+00  0.1694287E-14  0.4802231E+03  0.1081600E-01  0.6864215E+01  0.1088310E+02  0.6500000E+00  0.3766467E-02
    0.2550028E+05  0.9060097E+02  0.0000000E+00  0.8308783E+03  0.5518144E+03  0.1000000E+01  0.2226792E-03  0.2213813E+01  0.4192950E+00  0.7006706E+00  0.1016646E-14  0.4922855E+03  0.1172447E-01  0.7009749E+01  0.1130063E+02  0.6500000E+00  0.3444728E-02
    0.2580066E+05  0.9024234E+02  0.0000000E+00  0.8310623E+03  0.5531572E+03  0.1000000E+01  0.2209319E-03  0.1994849E+01  0.4203547E+00  0.6883526E+00  0.8640585E-15  0.5017926E+03  0.1106233E-01  0.6814011E+01  0.1098382E+02  0.6500000E+00  0.3729697E-02
    0.2610016E+05  0.8965629E+02  0.0000000E+00  0.8313828E+03  0.5556478E+03  0.1000000E+01  0.2053869E-03  0.1992412E+01  0.4011426E+00  0.6544215E+00  0.1602503E-14  0.4967710E+03  0.1126628E-01  0.7172312E+01  0.1153886E+02  0.6500000E+00  0.4185904E-02
    0.2640060E+05  0.8951560E+02  0.0000000E+00  0.8316871E+03  0.5556932E+03  0.1000000E+01  0.1933039E-03  0.1723748E+01  0.3691528E+00  0.6589262E+00  0.1000000E+01  0.4795725E+03  0.1078322E-01  0.6963456E+01  0.1078395E+02  0.6500000E+00  0.4133422E-02
    0.2670030E+05  0.8930326E+02  0.0000000E+00  0.8320465E+03  0.5573175E+03  0.9998915E+00  0.2020072E-03  0.1744119E+01  0.3481330E+00  0.6511786E+00  0.4453249E-15  0.4617986E+03  0.1106565E-01  0.7783595E+01  0.1062908E+02  0.6500000E+00  0.4317953E-02
    0.2700118E+05  0.8890674E+02  0.0000000E+00  0.8323106E+03  0.5585043E+03  0.1000000E+01  0.1847546E-03  0.1775541E+01  0.3831904E+00  0.6773770E+00  0.3471891E-15  0.4594760E+03  0.1089191E-01  0.7092146E+01  0.1195614E+02  0.6500000E+00  0.4001480E-02
    0.2730026E+05  0.8805591E+02  0.0000000E+00  0.8322586E+03  0.5598463E+03  0.1000000E+01  0.1733978E-03  0.1746364E+01  0.4144774E+00  0.7005278E+00  0.1252785E-15  0.4689129E+03  0.1128408E-01  0.7361361E+01  0.9266595E+01  0.6500000E+00  0.2947661E-02
    0.2760060E+05  0.8783189E+02  0.0000000E+00  0.8326182E+03  0.5605196E+03  0.1000000E+01  0.1891204E-03  0.1929866E+01  0.3894722E+00  0.6731727E+00  0.6411934E-16  0.4593965E+03  0.1088220E-01  0.7108043E+01  0.1007497E+02  0.6500000E+00  0.4320968E-02
    0.2790008E+05  0.8771480E+02  0.0000000E+00  0.8327339E+03  0.5608769E+03  0.9998915E+00  0.1805449E-03  0.1862465E+01  0.3904487E+00  0.6853420E+00  0.2821768E-15  0.4610130E+03  0.1059748E-01  0.1113598E+02  0.1320283E+02  0.6500000E+00  0.3508397E-02
    0.2820016E+05  0.8725857E+02  0.0000000E+00  0.8328596E+03  0.5610527E+03  0.1000000E+01  0.1967791E-03  0.1828398E+01  0.3759192E+00  0.6889756E+00  0.6941921E-16  0.4663580E+03  0.1138261E-01  0.7542445E+01  0.1065646E+02  0.6500000E+00  0.3542189E-02
    0.2850074E+05  0.8701682E+02  0.0000000E+00  0.8332173E+03  0.5609520E+03  0.1000000E+01  0.1953913E-03  0.1708069E+01  0.3689956E+00  0.6943000E+00  0.1000000E+01  0.4667267E+03  0.1088058E-01  0.6942222E+01  0.9799020E+01  0.6500000E+00  0.4316909E-02
    0.2880003E+05  0.8684178E+02  0.0000000E+00  0.8335108E+03  0.5618611E+03  0.1000000E+01  0.1941049E-03  0.1706488E+01  0.3866725E+00  0.7070848E+00  0.4685144E-14  0.4744040E+03  0.1060138E-01  0.6951886E+01  0.9779342E+01  0.6500000E+00  0.4104096E-02
